Total lines:		10000
Sum of lines:		340818
Ari. Mean:		34.0818
Geo. Mean:		undef (zero found in data)
Median:			50
Mode:			59 (N=3344)
Anti-Mode:		3 (N=7)
Minimum:		0
Maximum:		59
Variance:		710.870708759922
StdDev:			26.6621587415558
