Total lines:		10000
Sum of lines:		320349
Ari. Mean:		32.0349
Geo. Mean:		undef (zero found in data)
Median:			44
Mode:			0 (N=3721)
Anti-Mode:		3 (N=6)
Minimum:		0
Maximum:		59
Variance:		730.111481990064
StdDev:			27.0205751602379
